4
5
13
16
21
41
50
52
56
60
62
66
72
81
83
90
96
106
108
120
121
122
123
124
127
145
146
150
153
162
169
174
178
179
182
190
193
195
205
210
211
213
214
216
217
223
225
227
228
230
240
250
251
256
262
265
266
270
271
273
282
283
284
285
286
290
313
314
321
338
341
346
355
362
365
373
374
386
388
391
392
397
404
410
412
419
427
436
444
446
449
450
457
459
465
473
476
477
482
494
496
498
502
505
512
514
516
521
526
531
538
541
544
547
552
553
570
571
591
594
600
602
606
609
610
619
620
622
624
627
628
631
632
633
636
642
646
653
654
655
663
665
676
679
684
704
707
708
717
720
721
726
727
730
737
738
743
748
749
767
772
777
789
792
794
805
806
808
809
811
812
829
831
835
862
864
867
871
872
877
882
885
898
913
914
922
934
941
951
959
960
961
963
975
976
977
979
994
999
1004
1006
1008
1012
1015
1031
1032
1036
1038
1044
1047
1057
1060
1074
1083
1085
1092
1096
1097
1100
1103
1105
1115
1124
1139
1140
1147
1153
1154
1155
1159
1163
1170
1176
1181
1183
1190
1191
1193
1196
1201
1204
1205
1209
1211
1216
1222
1231
1234
1237
1238
1242
1244
1247
1250
1253
1260
1265
1270
1273
1278
1285
1286
1294
1295
1296
1301
1305
1307
1308
1311
1312
1316
1319
1322
1325
1330
1331
1332
1339
1341
1343
1347
1349
1351
1352
1354
1361
1368
1378
1386
1389
1394
1395
1396
1398
1400
1406
1409
1417
1427
1440
1444
1447
1450
1451
1457
1464
1466
1473
1478
1479
1480
1481
1483
1485
1487
1510
1513
1515
1533
1535
1537
